#channel 	 A_decay 	 Tau1_decay(us) 	 Tau2_decay(us) 	 Tau1_RC(us) 	 Tau2_RC   //ER parameters optimised only for BEGE (For COAX, just using from 91A for now)
GTF112	1.00942 115.069 13.9703 3.63875 98
GTF32	1.00942 115.069 13.9703 3.63875 98
GTF45	1.00942 115.069 13.9703 3.63875 98
91A	1.00942	115.069	13.9703	3.63875	98
35B	1.00468	113.544	13.743	2.93465	119
02B	0.994882	110.367	11.8568	2.26348	149
00B	1.00262	112.796	13.645	1.7864	185
61A	0.996729	110.978	11.7213	1.43968	212
89B	1.00679	114.165	13.8639	0.994636	302
02D	0.993346	109.642	12.0799	1.04092	299
91C	0.997649	111.242	11.7726	1.72339	191
ANG5	1.00942 115.069 13.9703 3.63875 98
RG1	1.00942 115.069 13.9703 3.63875 98
ANG3	1.00942 115.069 13.9703 3.63875 98
02A	0.996616	110.942	11.5101	2.92545	110
32B	0.983055	123.357	2.94593	2.27883	149
32A	0.98666	148.801	2.41047	1.7368	176
32C	0.986411	143.797	2.28667	1.29017	218
89C	1.00804	114.549	13.9464	2.49615	137
61C	0.997873	111.427	10.4108	0.856523	317
76B	1.04999	133.654	51.1502	1.74154	179
00C	0.995543	110.494	12.0853	4.40133	83
35C	0.993504	124.155	1.59198	6.93993e-310	2.13801e-317
76C	0.9955	110.495	12.1592	1.93221	158
89D	1.00333	113.045	13.71	3.65105	98
00D	0.983739	134.727	2.88907	2.44429	140
79C	1.01775	117.751	14.3075	1.77498	176
35A	0.997657	115.139	4.26143	1.96468	170
91B	1.01917	118.25	14.2948	1.10529	269
61B	1.00502	113.609	13.7937	0.710316	368
ANG2	1.00942 115.069 13.9703 3.63875 98
RG2	1.00942 115.069 13.9703 3.63875 98
ANG4	1.00942 115.069 13.9703 3.63875 98
00A	0.98234	142.274	5.19029	4.44843	80
02C	0.995937	113.167	0.873549	3.91999	92
79B	0.989776	112.803	4.19512	1.9753	158
79B	0.989776	112.803	4.19512	1.9753	158
32D	0.986865	132.546	3.39198	2.634	131
89A	0.994006	123.673	1.64879	1.92639	173
ANG1	1.00942 115.069 13.9703 3.63875 98

